CONV 1-1:++++++++++++++++++++++++++++++++++++++++++++++++++++++++++++++
a1=======================================
Positive: 1,3(good),4,5,7,8,11,12,15,18,21,22,24,27,28(thin),
	29,31,32,34,35,36,38,39,42,43,44,45,46,47,48,49,
	50,52,53,54,55,57,58,59,61,63,64.

Negative: 2,6(good),10,14,23,25,26,37,40,62,

None: 9,16,17,19,20,30,33,60,

a3:=======================================
Positive: 1,3(good),4,5,7,8,11,12,15,17(incomplete),18,21,22,24,26,27,
	29,31,32(good),34,35,36,38,39,41,42,43,44,45,46,47,48,49,
	50,52,53(thin),54,55,57,58,59,61,63,64.

Negative: 2,6(good),10,14,19,23,25,37(good),40,51,62,

None: 9,16,20,28,30,33,60,


a8:=======================================
Positive: 1,3,4,5,7,8,11,12,14,15,18,21,22,24,27,
	29,31,32,34,35,36,38,39,41,42,43,44,45,46,47,48,49,
	50,52,53,54,55,56,57,58,59,61,62(half),63,64.

Negative: 2,6,10,23,25,37(half),40(half),51,

None: 9,16,17,20,28,30,33,60


CONV 1-2++++++++++++++++++++++++++++++++++++++++++++++++++++++++++++++
a1:=======================================
Positive: 1,6,7,9(good),11,12,15,17(good),20,23(good),24,26(good),
	32,37,45,47,49,50(good),61,62,64

Negative: 2,3(good),10,39,40,43,52,53,55,

None: 19,46,

All: 4,5,8,16,25,28,

a3:=======================================
Positive: 1,4,9(good),11,12,15,17(good),20,23(good),24,26(good),
	30,31,32(good),33,34,37,41,42,47,48,49,50,61(good),62,64

Negative: 2,3(good),10,39(good),40,43(good),52(good),55,

None: 46,

All: 5,8,16,25,28,53,

a8:=======================================
Positive: 9,12,15,17,19,23,37,46,49,50(good),61,62,64

Negative: 3(good),

None: 24,

All: 4,5,8,16,25,28,53,


